IBS0	IBS1	IBS2	maxlen
X3W1.1	0.00485325213933024	0.99514674786067	0	237938812
X3W1.10	0.988424114233222	0.0115758857667783	0	17790320
X3W1.12	0.918684545754273	0.0813154542457272	0	27488229
X3W1.13	1	0	0	0
X3W1.14	0.988359341131254	0.0116406588687456	0	23523799
X3W1.15	0.0166673958719327	0.983332604128067	0	180014287
X3W1.16	1	0	0	0
X3W1.17	2.48209833363337e-05	0.999975179016664	0	200981759
X3W1.18	1	0	0	0
X3W1.19	0.671517043959896	0.328482956040104	0	122490965
X3W1.2	0.997957860399374	0.00204213960062583	0	2230501
X3W1.20	1	0	0	0
X3W1.21	0.00289128741397724	0.997108712586023	0	191593177
X3W1.3	0.535398068059784	0.464601931940216	0	150485417
X3W1.4	0.999520178447656	0.000479821552343571	0	442669
X3W1.5	0.982879352948043	0.0171206470519569	0	11795073
X3W1.6	1	0	0	0
X3W1.7	1	0	0	0
X3W1.8	0.993733289444657	0.00626671055534274	0	9270468
X3W1.9	0.996323847955727	0.00367615204427267	0	3868006
X3W10.1	0.000827378638662677	0.999172621361337	0	246368539
X3W10.10	0.997496587488805	0.00250341251119548	0	4135851
X3W10.12	0.995294925082326	0.00470507491767419	0	2969509
X3W10.13	0.388911800749896	0.611088199250104	0	194504852
X3W10.14	0.517030312603444	0.482969687396556	0	148563100
X3W10.15	0.991174538173592	0.0088254618264077	0	13613513
X3W10.17	0.0045258503333777	0.995474149666622	0	180264625
X3W10.19	0.991494416077024	0.00850558392297642	0	13401938
X3W10.2	0.981011542488481	0.0189884575115193	0	27112008
X3W10.20	0.00211011949867525	0.997889880501325	0	191611881
X3W10.21	0.999947887593849	5.21124061507007e-05	0	128358
X3W10.22	0.999408960832519	0.000591039167480545	0	948146
X3W10.23	1	0	0	0
X3W10.24	0.999812263727588	0.000187736272412326	0	429169
X3W10.3	0.999998576413138	1.42358686232007e-06	0	3506
X3W10.4	0.0158247883807098	0.98417521161929	0	246611174
X3W10.5	0.99999701024943	2.98975056997717e-06	0	7365
X3W10.6	0.0023077727902192	0.997692227209781	0	191582787
X3W10.7	1	0	0	0
X3W10.8	0.505241621808381	0.494758378191619	0	148606160
X3W10.9	0	0.573857812425753	0.426142187574247	153450453
X3W11.1	0.532449908327205	0.467550091672795	0	125462962
X3W11.11	0.00580618634664734	0.994193813653353	0	183627129
X3W11.12	0.994070850935689	0.00592914906431121	0	14488528
X3W11.2	0.979501630705597	0.0204983692944028	0	33012307
X3W11.3	0.00103891682542533	0.998961083174575	0	194662860
X3W11.4	0.998345384389869	0.00165461561013141	0	3954161
X3W11.6	0.999940901074851	5.90989251487431e-05	0	145495
X3W11.7	0.0025799625374812	0.997420037462519	0	246368539
X3W11.8	0.00561832342966743	0.994381676570333	0	169570412
X3W11.9	0.000814281304682279	0.999185718695318	0	177529509
X3W2.1	0	1	0	187475416
X3W2.10	0.999639145679157	0.000360854320842807	0	441431
X3W2.11	0.281002524505636	0.718997475494364	0	246611174
X3W2.13	0.995081039417497	0.00491896058250292	0	4684124
X3W2.14	0.997323331735687	0.00267666826431282	0	3711459
X3W2.16	0.00438656958206567	0.995613430417934	0	191677503
X3W2.17	0.995547647535119	0.00445235246488081	0	10349617
X3W2.18	0.996852955127038	0.00314704487296166	0	6554833
X3W2.19	0	0.00360760040805895	0.996392399591941	1415704
X3W2.2	0.996068706641098	0.00393129335890199	0	9083863
X3W2.20	0.00424794011309114	0.995752059886909	0	174109790
X3W2.21	0.987544389149813	0.0124556108501866	0	13451987
X3W2.22	0.999888863164307	0.000111136835693267	0	273793
X3W2.23	0.984464629965092	0.0155353700349077	0	23551885
X3W2.3	0.000243573175309275	0.604474693264701	0.39528173355999	196984593
X3W2.4	0.993425817723414	0.00657418227658587	0	15254397
X3W2.5	0.379182989261043	0.620817010738957	0	136214148
X3W2.6	0.950418239993493	0.049581760006507	0	32379795
X3W2.7	0.436350211334495	0.563649788665505	0	183327553
X3W2.8	0.999975781406308	2.42185936917057e-05	0	38570
X3W3.1	0.982831742386997	0.0171682576130034	0	16895691
X3W3.10	0.999236299533949	0.000763700466051152	0	1808070
X3W3.13	0.00633584745176629	0.993664152548234	0	246611174
X3W3.14	0.99232192734022	0.00767807265977989	0	10982225
X3W3.15	0.996913216430046	0.00308678356995404	0	3687866
X3W3.16	0.999964975641915	3.50243580854318e-05	0	53770
X3W3.17	0.993496980135885	0.00650301986411517	0	8766599
X3W3.18	0.91386995227999	0.0861300477200101	0	37089300
X3W3.19	0.999750533355746	0.000249466644254356	0	614458
X3W3.2	0.00413224310860119	0.995867756891399	0	187341130
X3W3.20	0.743312769667873	0.256687230332127	0	130876887
X3W3.21	0.982452195116577	0.0175478048834234	0	22510043
X3W3.22	0.948564934055684	0.0514350659443164	0	67720289
X3W3.23	0.999895209802488	0.000104790197511792	0	255755
X3W3.24	0.987897420700243	0.0121025792997574	0	13112770
X3W3.3	0.453218584523718	0.546781415476282	0	201211354
X3W3.4	0.000373530226248066	0.999626469773752	0	201187315
X3W3.5	0.00225388352425581	0.584096591036687	0.413649525439057	172478270
X3W3.6	0.982226299345439	0.0177737006545611	0	23039545
X3W3.8	0.999429062796067	0.000570937203933306	0	1101315
X3W3.9	1	0	0	0
X3W4.1	0.473586479567957	0.526413520432043	0	180486232
X3W4.10	0.00998457855933125	0.990015421440669	0	246578215
X3W4.11	0.990952524928683	0.00904747507131694	0	18324194
X3W4.12	0.991850060675379	0.00814993932462063	0	14955426
X3W4.14	0.997912994393469	0.00208700560653143	0	4141686
X3W4.15	0.331623914882337	0.668376085117663	0	193792757
X3W4.16	0.997686700073882	0.00231329992611802	0	2632497
X3W4.17	0.988114590188313	0.0118854098116865	0	26709190
X3W4.18	0.995362455756969	0.00463754424303082	0	9079267
X3W4.19	0.992187854384575	0.0078121456154247	0	9172241
X3W4.2	0.9894259876149	0.0105740123850997	0	25929679
X3W4.20	0.996716579418188	0.00328342058181221	0	2586463
X3W4.21	5.18437512352728e-07	0.999999481562488	0	246578215
X3W4.22	0.984698597841691	0.0153014021583087	0	15596341
X3W4.23	0.998778136188207	0.00122186381179333	0	2197482
X3W4.24	0.998226876297355	0.00177312370264544	0	1374875
X3W4.3	1	0	0	0
X3W4.4	0.999753380672034	0.00024661932796622	0	603263
X3W4.5	0.0141355948218929	0.985864405178107	0	170725125
X3W4.6	0.999870079879392	0.000129920120608291	0	142662
X3W4.7	0.00978287192892313	0.990217128071077	0	239895688
X3W4.8	1	0	0	0
X3W4.9	0.998835045787405	0.00116495421259509	0	1171580
X3W5.1	0.972199072518204	0.0278009274817961	0	27650797
X3W5.10	0.993738418263997	0.00626158173600326	0	5531025
X3W5.11	0.9949642899311	0.00503571006890025	0	10708773
X3W5.12	1	0	0	0
X3W5.13	0	1	0	200630847
X3W5.14	0.739748373786223	0.260251626213777	0	147965126
X3W5.15	1	0	0	0
X3W5.17	0.98269873250389	0.0173012674961103	0	30740297
X3W5.18	0.504073153726476	0.495926846273524	0	183656574
X3W5.19	0.999605070768513	0.000394929231487162	0	347051
X3W5.2	0.991423389973375	0.00857661002662516	0	8421849
X3W5.20	0.00669159358966726	0.993308406410333	0	217145298
X3W5.21	0.999899197269271	0.000100802730728544	0	222960
X3W5.22	0.0517075422306582	0.948292457769342	0	191582787
X3W5.23	1	0	0	0
X3W5.24	0.999999945958369	5.40416309362602e-08	0	133
X3W5.4	0.000396479271759166	0.550093420858468	0.449510099869773	154528089
X3W5.6	0.999317054932113	0.00068294506788732	0	979701
X3W5.7	0.986335749682392	0.0136642503176078	0	14055241
X3W5.8	1	0	0	0
X3W5.9	0.997986618738151	0.00201338126184901	0	2190948
X3W6.1	0.993903583080296	0.00609641691970364	0	3391172
X3W6.10	0	0.518005474137048	0.481994525862952	117208395
X3W6.11	0.999968290440792	3.1709559208064e-05	0	78142
X3W6.12	0.991877479837006	0.00812252016299368	0	14548838
X3W6.14	0.980346420701562	0.0196535792984381	0	33536456
X3W6.15	0.943477358500606	0.0565226414993937	0	35771075
X3W6.16	0.997031031697117	0.00296896830288293	0	2341990
X3W6.17	0.997030509573729	0.00296949042627074	0	3831785
X3W6.18	1	0	0	0
X3W6.19	0.999259660496978	0.000740339503022287	0	1351619
X3W6.2	1	0	0	0
X3W6.21	0.999746192804674	0.000253807195325844	0	625109
X3W6.22	0.00657881153110368	0.993421188468896	0	174109126
X3W6.23	1	0	0	0
X3W6.24	0.999327872459291	0.000672127540709136	0	1372939
X3W6.3	0.999956286516733	4.37134832670518e-05	0	107680
X3W6.4	1	0	0	0
X3W6.5	0.00535817513180159	0.994641824868198	0	176143195
X3W6.6	0.576058179424217	0.423941820575783	0	148137210
X3W6.7	0.999957664781991	4.2335218009426e-05	0	104347
X3W6.8	0.999930138733145	6.98612668550736e-05	0	172140
X3W6.9	0.98200127288227	0.0179987271177296	0	26706358
X3W7.1	1	0	0	0
X3W7.10	0.999843523515751	0.000156476484249377	0	385484
X3W7.11	0.999430736134868	0.000569263865132285	0	528504
X3W7.12	0.999257041313037	0.000742958686962944	0	1816583
X3W7.13	0.535750149665302	0.464249850334698	0	175341597
X3W7.14	0.998789751491553	0.0012102485084471	0	2776928
X3W7.15	0.996931141353024	0.00306885864697581	0	1726050
X3W7.16	0.44149941885058	0.55850058114942	0	156259509
X3W7.17	0.985223051503447	0.0147769484965528	0	27009586
X3W7.2	0.988084448408668	0.011915551591332	0	29077824
X3W7.20	0.999680115560144	0.000319884439855639	0	462661
X3W7.21	1	0	0	0
X3W7.22	0.994361892917508	0.00563810708249163	0	13785725
X3W7.23	0.997737726442677	0.00226227355732254	0	3905826
X3W7.24	0.999444000181958	0.000555999818041856	0	649064
X3W7.3	0.999979072714328	2.0927285672286e-05	0	51522
X3W7.4	0.813355949155512	0.186644050844488	0	42945210
X3W7.5	0.998836533870567	0.00116346612943312	0	897652
X3W7.6	1	0	0	0
X3W7.7	0.71911541911784	0.28088458088216	0	111175185
X3W7.8	0.999611201472107	0.000388798527893403	0	919659
X3W7.9	1	0	0	0
X3W8.11	0.268704703156063	0.731295296843936	0	172463287
X3W8.12	1	0	0	0
X3W8.14	0.418773837870901	0.581226162129099	0	166497205
X3W8.15	0.984174763859681	0.0158252361403189	0	38935780
X3W8.16	1	0	0	0
X3W8.17	0.999755550545217	0.000244449454782553	0	601832
X3W8.19	1	0	0	0
X3W8.2	0.999870360872712	0.000129639127287965	0	319207
X3W8.20	1	0	0	0
X3W8.21	1	0	0	0
X3W8.23	1	0	0	0
X3W8.24	0.954195837836318	0.0458041621636817	0	71350018
X3W8.3	1	0	0	0
X3W8.5	1	0	0	0
X3W8.6	1	0	0	0
X3W8.7	1	0	0	0
X3W8.8	0.997441308563512	0.00255869143648804	0	6302370
X3W8.9	0.980665930614852	0.0193340693851478	0	27852696
X3W9.1	1	0	0	0
X3W9.10	1	0	0	0
X3W9.13	0.991131653873466	0.00886834612653391	0	8951541
X3W9.14	1	0	0	0
X3W9.16	0.00110241632415801	0.998897583675842	0	191646241
X3W9.17	1	0	0	0
X3W9.18	0.99931427900092	0.000685720999080354	0	1688704
X3W9.19	1	0	0	0
X3W9.2	1	0	0	0
X3W9.21	0.905873788824048	0.0941262111759523	0	76291539
X3W9.22	0.984326367204422	0.0156736327955781	0	27088727
X3W9.23	0.98327762525456	0.0167223747454396	0	40005938
X3W9.24	0.998766481838458	0.0012335181615418	0	1290407
X3W9.3	1	0	0	0
X3W9.4	0.00604487105830024	0.9939551289417	0	246611174
X3W9.5	0.999465245658571	0.000534754341429465	0	659769
X3W9.6	0.530021374186376	0.469978625813624	0	159136958
X3W9.7	1	0	0	0
X3W9.8	1	0	0	0
